==========================================================================================
급락 반등 전략 파라미터 그리드 서치 결과
데이터: BTCUSDT 1d  |  IS: 2017~2022  |  OOS: 2023~2026
총 조합: 3,240  |  OOS>=8건 통과: 1577개
==========================================================================================

  #    min   max      dd   vol    tp    sl  bars |   IS_sh  IS_n |  OOS_sh  OOS_wr  OOS_n  OOS_ret  OOS_mdd  flag
-----------------------------------------------------------------------------------------------------------------
  1    1.0   2.0   -0.15 False  0.08  0.03     7 |   0.066    34 |   1.441   0.812     16    0.008   -0.001  ★
  2    1.0   0.0   -0.15 False  0.08  0.03     7 |  -0.236    39 |   1.441   0.812     16    0.008   -0.001  ★
  3    0.8   2.0   -0.15 False  0.08  0.03     7 |   0.438    48 |   1.409   0.722     18    0.008   -0.001  ★
  4    0.8   0.0   -0.15 False  0.08  0.03     7 |   0.008    52 |   1.409   0.722     18    0.008   -0.001  ★
  5    1.0   0.0   -0.15 False  0.08  0.04     5 |  -0.058    39 |   1.404   0.875     16    0.008   -0.001  ★
  6    1.0   2.0   -0.15 False  0.08  0.04     5 |   0.374    34 |   1.404   0.875     16    0.008   -0.001  ★
  7    1.0   2.0   -0.15 False  0.03  0.03    10 |   0.535    35 |   1.397   0.812     16    0.007   -0.001  ★
  8    1.0   0.0   -0.15 False  0.03  0.03    10 |   0.041    40 |   1.397   0.812     16    0.007   -0.001  ★
  9    1.0   1.5   -0.10 False  0.03  0.04     5 |   0.780    35 |   1.392   0.783     23    0.006   -0.001  ★
 10    1.0   0.0   -0.15 False  0.05  0.04     5 |   0.013    40 |   1.385   0.875     16    0.007   -0.001  ★
 11    1.0   2.0   -0.15 False  0.05  0.04     5 |   0.509    35 |   1.385   0.875     16    0.007   -0.001  ★
 12    1.0   1.5   -0.10  True  0.03  0.03    10 |   0.576    20 |   1.378   0.857     14    0.005   -0.001  ★
 13    1.0   1.5   -0.10 False  0.05  0.04     5 |   0.657    35 |   1.373   0.739     23    0.007   -0.001  ★
 14    1.0   1.5   -0.15 False  0.08  0.04     5 |   0.556    26 |   1.371   0.923     13    0.006   -0.001  ★
 15    1.0   1.5   -0.15 False  0.05  0.04     5 |   0.717    27 |   1.352   0.923     13    0.006   -0.001  ★
 16    0.8   2.0   -0.15 False  0.08  0.03    10 |   0.402    46 |   1.352   0.688     16    0.008   -0.001  ★
 17    0.8   0.0   -0.15 False  0.08  0.03    10 |   0.002    50 |   1.352   0.688     16    0.008   -0.001  ★
 18    1.0   1.5   -0.10  True  0.03  0.03     7 |   0.524    20 |   1.346   0.929     14    0.005   -0.001  ★
 19    1.0   0.0   -0.15 False  0.05  0.03     7 |  -0.120    40 |   1.342   0.812     16    0.007   -0.001  ★
 20    1.0   2.0   -0.15 False  0.05  0.03     7 |   0.261    35 |   1.342   0.812     16    0.007   -0.001  ★


★ = IS_sharpe < OOS_sharpe (과적합 가능성 낮음)

── 전체 결과 요약 통계 ──
  OOS Sharpe 평균: 0.594
  OOS Sharpe 최대: 1.441
  OOS Sharpe 양수 비율: 92.0%
  IS < OOS 조합 수: 1034

── IS < OOS 조합 상위 10 (과적합 없음) ──
  #    min   max      dd   vol    tp    sl  bars |   IS_sh  IS_n |  OOS_sh  OOS_wr  OOS_n  OOS_ret  OOS_mdd  flag
-----------------------------------------------------------------------------------------------------------------
  1    1.0   2.0   -0.15 False  0.08  0.03     7 |   0.066    34 |   1.441   0.812     16    0.008   -0.001  ★
  2    1.0   0.0   -0.15 False  0.08  0.03     7 |  -0.236    39 |   1.441   0.812     16    0.008   -0.001  ★
  3    0.8   2.0   -0.15 False  0.08  0.03     7 |   0.438    48 |   1.409   0.722     18    0.008   -0.001  ★
  4    0.8   0.0   -0.15 False  0.08  0.03     7 |   0.008    52 |   1.409   0.722     18    0.008   -0.001  ★
  5    1.0   0.0   -0.15 False  0.08  0.04     5 |  -0.058    39 |   1.404   0.875     16    0.008   -0.001  ★
  6    1.0   2.0   -0.15 False  0.08  0.04     5 |   0.374    34 |   1.404   0.875     16    0.008   -0.001  ★
  7    1.0   2.0   -0.15 False  0.03  0.03    10 |   0.535    35 |   1.397   0.812     16    0.007   -0.001  ★
  8    1.0   0.0   -0.15 False  0.03  0.03    10 |   0.041    40 |   1.397   0.812     16    0.007   -0.001  ★
  9    1.0   1.5   -0.10 False  0.03  0.04     5 |   0.780    35 |   1.392   0.783     23    0.006   -0.001  ★
 10    1.0   0.0   -0.15 False  0.05  0.04     5 |   0.013    40 |   1.385   0.875     16    0.007   -0.001  ★

완료